running 240 matches across 6 worker processes
heuristic-aggressive-v6:
  vs-median          +116.5 bb/100  (seeds [111.8, 101.43, 166.21, 135.63, 95.96, 89.84, 131.09, 99.67])  busts/100h 0.11  bust/session 0.05
  vs-nit              +62.3 bb/100  (seeds [66.25, 57.56, 71.89, 53.98, 54.3, 73.66, 64.96, 55.83])  busts/100h 0.00  bust/session 0.00
  vs-station         +250.8 bb/100  (seeds [204.02, 245.6, 204.32, 238.49, 316.84, 176.12, 264.6, 356.54])  busts/100h 1.74  bust/session 0.22
  vs-shover           +84.6 bb/100  (seeds [103.86, 71.25, 58.0, 66.84, 95.1, 106.5, 55.79, 119.2])  busts/100h 4.30  bust/session 0.43
  vs-textured        +111.1 bb/100  (seeds [85.98, 131.38, 102.96, 131.5, 74.67, 98.9, 169.81, 93.77])  busts/100h 0.12  bust/session 0.06
  five-max-lineup    +165.2 bb/100  (seeds [88.35, 185.58, 196.87, 70.17, 223.0, 198.94, 188.01, 170.56])  busts/100h 0.44  bust/session 0.34
candidate-v7-0003a:
  vs-median          +104.0 bb/100  (seeds [146.6, 89.87, 114.55, 114.83, 51.13, 94.36, 126.4, 94.16])  busts/100h 0.10  bust/session 0.05  t -1.28
  vs-nit              +61.0 bb/100  (seeds [63.79, 60.6, 59.95, 63.65, 61.2, 64.75, 65.72, 47.94])  busts/100h 0.00  bust/session 0.00  t -0.49
  vs-station         +230.4 bb/100  (seeds [208.97, 228.0, 336.06, 213.4, 191.73, 306.4, 172.24, 186.79])  busts/100h 2.67  bust/session 0.29  t -0.52
  vs-shover           +48.0 bb/100  (seeds [35.87, 51.9, -40.27, 33.33, 84.0, 54.37, 40.0, 125.1])  busts/100h 3.10  bust/session 0.44  t -3.01
  vs-textured         +88.0 bb/100  (seeds [121.3, 69.79, 42.1, 68.42, 85.26, 95.32, 115.3, 106.91])  busts/100h 0.17  bust/session 0.09  t -1.59
  five-max-lineup    +159.9 bb/100  (seeds [133.4, 131.64, 238.68, 184.65, 140.02, 73.2, 163.3, 214.12])  busts/100h 0.54  bust/session 0.38  t -0.19
candidate-v7-0001c:
  vs-median          +103.5 bb/100  (seeds [108.35, 78.01, 105.35, 105.9, 112.87, 106.1, 102.97, 108.15])  busts/100h 0.11  bust/session 0.06  t -1.35
  vs-nit              +65.8 bb/100  (seeds [70.75, 71.9, 64.45, 66.15, 64.2, 59.87, 71.89, 57.25])  busts/100h 0.00  bust/session 0.00  t +1.01
  vs-station         +273.9 bb/100  (seeds [223.7, 250.56, 341.75, 322.4, 256.73, 349.49, 248.89, 198.11])  busts/100h 2.23  bust/session 0.24  t +0.61
  vs-shover           +50.5 bb/100  (seeds [71.8, 75.9, 43.8, 34.93, 32.43, -12.1, 55.77, 101.8])  busts/100h 3.52  bust/session 0.44  t -2.39
  vs-textured        +102.7 bb/100  (seeds [102.06, 107.85, 118.31, 101.93, 91.74, 86.27, 94.87, 118.65])  busts/100h 0.09  bust/session 0.04  t -0.70
  five-max-lineup    +113.2 bb/100  (seeds [120.72, 125.88, 77.11, 110.57, 131.18, 41.91, 170.65, 127.25])  busts/100h 0.84  bust/session 0.53  t -2.11
heuristic-aggressive-v6 vs candidate-v7-0003a: -37.2 bb/100 seat-mean ([-47.51, -35.24, -31.79, -29.04, -43.83, -48.3, -24.4, -16.22, -19.71, -61.53, -26.67, -31.78, -36.78, -42.13, -40.13, -59.45])  a-first [-58.38, 2.43, -26.79, -16.92, -23.28, -46.75, -23.25, -20.5, -3.29, -46.16, -4.21, -43.89, -66.48, -35.48, -40.78, -62.9]  b-first [-36.63, -72.9, -36.79, -41.16, -64.39, -49.86, -25.55, -11.94, -36.13, -76.91, -49.13, -19.67, -7.07, -48.78, -39.48, -55.99]  t -11.41
heuristic-aggressive-v6 vs candidate-v7-0001c: -44.1 bb/100 seat-mean ([-55.73, -35.45, -54.66, -52.26, -40.95, -35.31, -19.19, -30.72, -45.92, -49.05, -31.5, -50.13, -55.57, -49.73, -47.05, -52.95])  a-first [-80.98, -2.48, -36.16, -54.0, -49.35, -59.31, 13.18, -46.83, -30.24, -39.95, -24.0, -63.15, -56.8, -30.78, -37.42, -50.61]  b-first [-30.47, -68.41, -73.16, -50.52, -32.55, -11.31, -51.56, -14.61, -61.59, -58.15, -39.0, -37.11, -54.35, -68.69, -56.69, -55.3]  t -16.35
candidate-v7-0003a vs candidate-v7-0001c: -6.6 bb/100 seat-mean ([-6.96, 3.37, 1.05, -5.1, 4.74, -15.52, -14.82, -22.58, -4.1, -12.15, -3.26, -25.91, 1.25, 2.92, -3.55, -4.87])  a-first [-16.71, 23.96, 5.48, -2.88, 18.45, -47.85, -14.3, -23.14, 27.85, 6.47, 10.85, -27.88, -12.21, 14.45, -4.49, -4.38]  b-first [2.79, -17.23, -3.38, -7.33, -8.96, 16.82, -15.35, -22.02, -36.05, -30.77, -17.37, -23.93, 14.72, -8.61, -2.61, -5.36]  t -2.86
